Métodos de Ordenação                        |Lista Ordenada                              |Lista Reversa                               |Lista Randômica                             |
--------------------------------------------|--------------------------------------------|--------------------------------------------|--------------------------------------------|
                                            |Comp.   |Comp.   |Mov.    |Mov.    |Tempo   |Comp.   |Comp.   |Mov.    |Mov.    |Tempo   |Comp.   |Comp.   |Mov.    |Mov.    |Tempo   |
                                            |Prog.*  |Equa.#  |Prog.+  |Equa.-  |        |Prog.*  |Equa.#  |Prog.+  |Equa.-  |        |Prog.*  |Equa.#  |Prog.+  |Equa.-  |        |
--------------------------------------------|--------------------------------------------|--------------------------------------------|--------------------------------------------|
Inserção Direta                             |4095    |0       |4095    |0       |2       |4095    |0       |8390655 |0       |26      |4095    |0       |4153192 |0       |15      |
Inserção Binária                            |49152   |0       |4095    |0       |555     |8439795 |0       |16777215|0       |74      |4208925 |0       |8313300 |0       |311     |
Seleção Direta                              |8435712 |0       |12285   |0       |49202   |16826355|0       |16785405|0       |34531   |12595485|0       |8321490 |0       |30792   |
Bolha                                       |16822272|0       |12285   |0       |15303   |25212915|0       |33558525|0       |15063   |20982045|0       |16619684|0       |15591   |
Shake                                       |27307008|0       |12285   |0       |24299   |35697651|0       |41945085|0       |24125   |31466781|0       |20768781|0       |24250   |
Shell                                       |27319289|0       |12285   |0       |63      |35746711|0       |41969593|0       |140     |31515468|0       |20793021|0       |141     |
Heap                                        |35707897|0       |57661   |0       |7498    |44135319|0       |42011847|0       |7439    |39904076|0       |20838464|0       |7642    |
Quick SP                                    |44094457|0       |61756   |0       |16      |52521879|0       |42020037|0       |31      |41258150|0       |20850138|0       |0       |
Quick CP                                    |44137479|0       |63804   |0       |78      |52562865|0       |42024133|0       |110     |41301135|0       |20862277|0       |250     |
Merge 1                                     |44215314|0       |117051  |0       |296     |52640700|0       |42077380|0       |297     |41378970|0       |20916598|0       |281     |
Merge 2                                     |44272657|0       |141627  |0       |391     |52698043|0       |42101956|0       |390     |41436313|0       |20921832|0       |516     |
Counting                                    |44272657|0       |153915  |0       |47      |52698043|0       |42114244|0       |47      |41436313|0       |20934120|0       |47      |
Bucket                                      |44272657|0       |162107  |0       |15      |52698043|0       |42122436|0       |31      |41436313|0       |20942312|0       |32      |
Radix                                       |44272657|0       |194875  |0       |15      |52698043|0       |42155204|0       |0       |41436313|0       |20975080|0       |0       |
Comb                                        |44373805|0       |194875  |0       |531     |52799191|0       |42170104|0       |547     |41537461|0       |21013004|0       |531     |
Gnome                                       |44377900|0       |194875  |0       |32      |61185751|0       |58939129|0       |29396   |45690647|0       |29307117|0       |19794   |
Tim                                         |44670899|0       |473275  |0       |218     |61478750|0       |67604089|0       |235     |45983646|0       |33734356|0       |234     |
